//3
1100101010011011
1000111010000100
1011111101101101

//6
0001111011001100
0101011000100101
0010011010011111
0111011011000001
1101101001011000

//11
0011010100111111
0001111011101010
1011010001001101
0011000101010100
1101110111110011

//16
1101100001001111
0011111010111001
1000100111110011
0000011010010011
1101110101101100

//21
1000011010110100
1111111011010111
0100101000010010
1010010000111111
1001110101101110

//26
1110011011110110
1000101101101010
1110100111001101
0100101001110010
1111011100111100

//31
1010110010001110
1111100010011010